388,33
4294967278,396
398,7
4499,4
4499,3
4499,2
4499,1
4294967279,497
388,19
4498,4
4498,3
4498,2
4498,1
388,18
4497,4
4497,3
4497,2
4497,1
4294967279,496
388,34
4294967279,495
4496,4
4496,3
4496,2
4496,1
292,75
4495,4
4495,3
4495,2
4495,1
4294967279,492
415,373
415,372
4294967279,491
4494,4
4494,3
4494,2
4494,1
4294967278,392
4294967279,489
4493,4
4493,3
4493,2
4493,1
4294967278,391
505,17
415,371
4294967278,390
4492,4
4492,3
4492,2
4492,1
415,11
4491,4
4491,3
4491,2
4491,1
4490,4
4490,3
4490,2
4490,1
4294967279,488
391,13
4294967279,487
4294967278,389
4489,4
4489,3
4489,2
4489,1
4294967278,387
4488,4
4488,3
4488,2
4488,1
4294967279,485
4487,4
4487,3
4487,2
4487,1
4294967278,384
4294967278,319
4486,4
4486,3
4486,2
4486,1
4294967279,484
4294967278,318
415,235
4485,4
4485,3
4485,2
4485,1
4294967278,317
4484,4
4484,3
4484,2
4484,1
4294967278,316
4294967278,315
4294967278,314
4483,4
4483,3
4483,2
4483,1
4294967278,313
415,238
4482,4
4482,3
4482,2
4482,1
4294967278,311
4294967279,480
4294967279,479
4294967279,478
4294967279,477
4294967279,476
4481,4
4481,3
4481,2
4481,1
4294967278,309
4294967278,308
4294967278,302
4294967278,297
4294967279,474
4294967278,365
4294967278,296
4294967279,473
4294967279,471
4294967278,295
4294967279,470
4294967278,294
292,74
292,49
4294967278,293
4294967278,292
415,231
415,230
415,232
4480,4
4480,3
4480,2
4480,1
4294967278,291
4294967278,290
4479,4
4479,3
4479,2
4479,1
4294967279,465
4478,4
4478,3
4478,2
4478,1
4294967279,482
4477,4
4477,3
4477,2
4477,1
4294967279,464
4476,4
4476,3
4476,2
4476,1
4294967278,289
4475,4
4475,3
4475,2
4475,1
415,466
4474,4
4474,3
4474,2
4474,1
4294967278,288
4294967279,463
4294967279,462
4294967278,287
415,465
4473,4
4473,3
4473,2
4473,1
4294967279,461
4294967278,286
4294967279,460
4294967279,459
4294967279,458
4472,4
4472,3
4472,2
4472,1
4294967279,457
4471,4
4471,3
4471,2
4471,1
4294967278,285
4470,4
4470,3
4470,2
4470,1
4294967278,284
4294967278,283
4294967278,281
4469,4
4469,3
4469,2
4469,1
4294967278,279
4294967278,277
4294967278,275
4294967278,274
4468,4
4468,3
4468,2
4468,1
4467,4
4467,3
4467,2
4467,1
4294967278,273
4294967279,302
4294967279,456
4294967279,455
4294967278,267
4294967279,454
4294967278,262
4294967279,453
292,73
292,40
292,72
4294967279,452
292,71
4466,4
4466,3
4466,2
4466,1
4294967279,451
4294967279,450
4465,4
4465,3
4465,2
4465,1
4294967278,256
4464,4
4464,3
4464,2
4464,1
4294967278,137
505,25
4294967279,449
4463,4
4463,3
4463,2
4463,1
4294967279,447
4462,4
4462,3
4462,2
4462,1
292,12
4294967279,446
4294967279,445
4294967278,255
4294967279,444
4294967278,251
4294967294,498
4294967293,131
4294967293,130
4294967293,129
4294967293,128
4294967293,127
4294967293,126
4294967293,125
4294967293,124
4294967293,123
4294967293,122
4294967293,121
4294967293,120
4294967293,119
4294967293,118
4294967293,117
4294967293,116
4294967293,115
4294967293,114
4294967293,113
4294967293,112
4294967293,111
4294967293,110
4294967293,109
4294967293,108
4294967293,107
4294967293,106
4294967293,105
4294967293,104
4294967293,103
4294967293,102
4294967293,101
4294967293,100
4294967293,99
4294967293,98
4294967293,97
4294967293,96
4294967293,95
4294967293,94
4294967293,93
4294967293,92
4294967293,91
4294967293,90
4294967293,89
4294967293,88
4294967293,87
4294967293,86
4294967293,85
4294967293,84
4294967293,83
4294967293,82
4294967293,81
4294967293,80
4294967293,79
4294967293,78
4294967293,77
4294967293,76
4294967293,75
4294967293,74
4294967293,73
4294967293,72
4294967293,71
4294967293,70
4294967293,69
4294967293,68
4294967293,67
4294967293,66
4294967293,65
4294967293,64
4294967293,63
4294967293,62
4294967293,61
4294967293,60
4294967293,59
4294967293,58
4294967293,57
4294967293,56
4294967293,55
4294967293,54
4294967293,53
4294967293,52
4294967293,51
4294967293,50
4294967293,49
4294967293,48
4294967293,47
4294967293,46
4294967293,45
4294967293,44
4294967293,43
4294967293,42
4294967293,41
4294967293,40
4294967293,39
4294967293,38
4294967293,37
4294967293,36
4294967293,35
4294967293,34
4294967293,33
4294967293,32
4294967293,31
4294967293,30
4294967293,29
4294967293,28
4294967293,27
4294967293,26
4294967293,25
4294967293,24
4294967293,23
4294967293,22
4294967293,21
4294967293,20
4294967293,19
4294967293,18
4294967293,17
4294967293,16
4294967293,15
4294967293,14
4294967293,13
4294967293,12
4294967293,11
4294967293,10
4294967293,9
4294967293,8
4294967293,7
4294967293,6
4294967293,5
4294967293,4
4294967293,3
4294967293,2
4243767290,0
4243767289,0
4243767288,0
4243767287,0
4243767286,0
4243767285,0
4243767284,0
4243767283,0
4243767282,0
4243767281,0
4294967293,0
4294967279,405
4294967279,204
4294967279,89
4294967279,203
4294967279,421
4294967279,90
4294967279,91
4294967279,205
4294967279,503
4294967279,402
4294967279,92
4294967279,207
4294967279,394
4294967279,206
4294967279,208
4294967279,293
4294967279,93
4294967279,94
4294967279,209
4294967279,95
4294967279,286
4294967279,294
4294967279,96
4294967279,432
4294967279,210
4294967279,211
4294967279,438
4294967279,212
4294967279,97
4294967279,98
4294967279,213
4294967279,99
4294967279,280
4294967279,239
4294967279,100
4294967279,406
4294967279,384
4294967279,216
4294967279,214
4294967279,415
4294967279,218
4294967279,101
4294967279,102
4294967279,103
4294967279,104
4294967279,261
4294967279,504
4294967279,426
4294967279,224
4294967279,278
4294967279,220
4294967279,222
4294967279,105
4294967279,106
4294967279,226
4294967279,107
4294967279,486
4294967279,228
4294967279,466
4294967279,108
4294967279,230
4294967279,109
4294967279,232
4294967279,234
4294967279,110
4294967279,437
4294967279,418
4294967279,111
4294967279,236
4294967279,112
4294967279,397
4294967279,237
4294967279,416
4294967279,113
4294967279,114
4294967279,240
4294967279,238
4294967279,217
4294967279,115
4294967279,448
4294967279,116
4294967279,242
4294967279,403
4294967279,244
4294967279,510
4294967279,117
4294967279,118
4294967279,248
4294967279,442
4294967279,246
4294967279,119
4294967279,120
4294967279,249
4294967279,282
4294967279,253
4294967279,227
4294967279,121
4294967279,254
4294967279,250
4294967279,303
4294967279,229
4294967279,122
4294967279,123
4294967279,124
4294967279,309
4294967279,268
4294967279,255
4294967279,311
4294967279,125
4294967279,126
4294967279,310
4294967279,392
4294967279,297
4294967279,440
4294967279,127
4294967279,128
4294967279,313
4294967279,312
4294967279,433
4294967279,314
4294967279,129
4294967279,130
4294967278,372
4294967279,315
4294967279,131
4294967278,310
4294967278,307
4294967279,132
4294967278,4
4294967278,419
4294967278,348
4294967278,257
4294967278,5
4294967278,358
4294967278,278
4294967278,258
4294967278,6
4294967278,429
4294967278,259
4294967278,7
4294967278,406
4294967278,261
4294967278,8
4294967278,393
4294967278,263
4294967278,9
4294967278,10
4294967278,359
4294967278,264
4294967278,11
4294967278,407
4294967278,282
4294967278,420
4294967278,280
4294967278,12
4294967278,265
4294967278,13
4294967278,362
4294967278,268
4294967278,233
4294967278,266
4294967278,14
4294967278,15
4294967278,269
4294967278,16
4294967278,340
4294967278,17
4294967278,330
4294967278,342
4294967278,434
4294967278,270
4294967278,271
4294967278,272
4294967278,133
4294967278,18
4294967278,341
4294967278,19
4294967278,20
4294967278,326
4294967278,21
4294967278,134
4294967278,135
4294967278,428
4294967278,276
4294967278,22
4294967278,23
4294967278,136
4294967278,394
4294967278,436
4294967278,24
4294967278,356
4294967278,331
4294967278,138
4294967278,139
4294967278,140
4294967278,25
4294967278,26
4294967278,336
4294967278,27
4294967278,28
4294967278,141
4294967278,142
4294967278,441
4294967278,363
4294967278,29
4294967278,144
4294967278,30
4294967278,143
4294967278,368
4294967278,31
4294967278,353
4294967278,32
4294967278,343
4294967278,146
4294967278,147
4294967278,215
4294967278,145
4294967278,33
4294967278,34
4294967278,35
4294967278,148
4294967278,320
4294967278,36
4294967278,219
4294967278,435
4294967278,445
4294967278,149
4294967278,151
4294967278,150
4294967278,152
4294967278,37
4294967278,38
4294967278,39
4294967278,223
4294967278,40
4294967278,324
4294967278,334
4294967278,155
4294967278,225
4294967278,154
4294967278,153
4294967278,156
4294967278,41
4294967278,42
4294967278,43
4294967278,345
4294967278,44
4294967278,325
4294967278,312
4294967278,421
4294967278,157
4294967278,158
4294967278,159
4294967278,160
4294967278,45
4294967278,405
4294967278,46
4294967278,47
4294967278,161
4294967278,48
4294967278,364
4294967278,432
4294967278,163
4294967278,162
4294967278,49
4294967278,373
4294967278,164
4294967278,409
4294967278,50
4294967278,51
4294967278,52
4294967278,165
4294967278,166
4294967278,369
4294967278,53
4294967278,327
4294967278,167
4294967278,54
4294967278,404
4294967278,168
4294967278,169
4294967278,235
4294967278,55
4294967278,247
4294967278,170
4294967278,57
4294967278,56
4294967278,241
4294967278,171
4294967278,354
4294967278,58
4294967278,173
4294967278,59
4294967278,172
4294967278,60
4294967278,61
4294967278,415
4294967278,437
4294967278,438
4294967278,339
4294967278,176
4294967278,175
4294967278,178
4294967278,177
4294967279,202
4294967279,87
4294967279,201
4294967279,467
4294967279,85
4294967279,199
4294967279,84
4294967279,391
4294967279,83
4294967279,198
4294967279,82
4294967279,502
4294967279,420
4294967279,196
4294967279,80
4294967279,441
4294967279,412
4294967279,194
4294967279,193
4294967279,507
4294967279,76
4294967279,191
4294967279,190
4294967279,424
4294967279,74
4294967279,257
4294967279,73
4294967279,188
4294967279,72
4294967279,187
4294967279,186
4294967279,71
4294967279,70
4294967279,69
4294967279,185
4294967279,68
4294967279,443
